47936787
47936788
47936789
47936790
47936791
47936792
47936793
47936794
47936795
47936796
47936797
47936798
47936799
47936800
47936801
47936802
47936803
47936804
47936805
47936806
47936807
47936808
47936809
47936810
47936811
47936812
47936813
47936814
47936815
47936816
47936817
47936818
47936819
47936820
47936821
47936822
47936823
47936824
47936825
47936826
47936827
47936828
47936829
47936830
47936831
47936832
47936833
47936834
47936835
47936836
47936837
47936838
47936839
47936840
47936841
47936842
47936843
47936844
47936845
47936846
47936847
47936848
47936849
47936850
47936851
47936852
47936853
47936854
47936855
47936856
47936857
47936858
47936859
47936860
47936861
47936862
47936863
47936864
47936865
47936866
47936867
47936868
47936869
47936870
47936871
47936872
47936873
47936874
47936875
47936876
47936877
47936878
47936879
47936880
47936881
47936882
47936883
47936884
47936885
47936886
47936887
47936888
47936889
47936890
47936891
47936892
47936893
47936894
47936895
47936896
47936897
47936898
47936899
47936900
47936901
47936902
47936903
47936904
47936905
47936906
47936907
47936908
47936909
47936910
47936911
47936912
47936913
47936914
47936915
47936916
47936917
47936918
47936919
47936920
47936921
47936922
47936923
47936924
47936925
47936926